1.490000000
3.660000000
4.096666667
4.533333333
4.970000000
5.403333333
5.836666667
6.270000000
6.641428571
7.012857143
7.384285714
7.755714286
8.127142857
8.498571429
8.870000000
9.310000000
9.750000000
10.190000000
10.510000000
10.830000000
11.266666667
11.703333333
12.140000000
12.455011338
12.770000000
13.102494331
13.435011338
13.767505669
14.100000000
14.471428571
14.842857143
15.214285714
15.585714286
15.957142857
16.328571429
16.700000000
17.100000000
17.502494331
17.905011338
18.307505669
18.710000000
19.080000000
19.412494331
19.745011338
20.077505669
20.410000000
20.730000000
21.120000000
21.520000000
21.943333333
22.366666667
22.790000000
23.226666667
23.663333333
24.100000000
24.400000000
24.836666667
25.273333333
25.710000000
26.090000000
26.490000000
26.822494331
27.155011338
27.487505669
27.820000000
28.160000000
28.500000000
28.890000000
29.330000000
29.770000000
30.210000000
30.570000000
30.930000000
31.290000000
31.650000000
31.970000000
32.290000000
32.610000000
32.930000000
33.262494331
33.595011338
33.927505669
34.260000000
34.597505669
34.935011338
35.272494331
35.610000000
35.980000000
36.345011338
36.710000000
37.075011338
37.440000000
37.805011338
38.170000000
38.534988662
38.900000000
39.265011338
39.630000000
39.995011338
40.360000000
40.770000000
41.148752834
41.527505669
41.906258503
42.284988662
42.663741497
43.042494331
43.421247166
43.800000000
44.165827664
44.531678005
44.897505669
45.263333333
45.629160998
45.995011338
46.360839002
46.726666667
47.092494331
47.458321995
47.824172336
48.190000000
48.550000000
48.910000000
49.330000000
49.672494331
50.015011338
50.357505669
50.700000000
51.040000000
51.380000000
51.717505669
52.055011338
52.392494331
52.730000000
53.120770975
53.511541950
53.902312925
54.293083900
54.683854875
55.074625850
55.465374150
55.856145125
56.246916100
56.637687075
57.028458050
57.419229025
57.810000000
58.210000000
58.610000000
59.000000000
59.390000000
59.770000000
60.160000000
60.510000000
60.890000000
61.215011338
61.540000000
61.865011338
62.190000000
62.545011338
62.900000000
63.255011338
63.610000000
63.995011338
64.380000000
64.780000000
65.150000000
65.520000000
65.910000000
66.310000000
66.710000000
67.080000000
67.470000000
67.830000000
68.210000000
68.580000000
68.940000000
69.300000000
69.656666667
70.013333333
70.370000000
70.726666667
71.083333333
71.440000000
71.796666667
72.153333333
72.510000000
72.856009070
73.201995465
73.548004535
73.893990930
74.240000000
74.583333333
74.926666667
75.270000000
75.660000000
76.060000000
76.470000000
76.860000000
77.270000000
77.600000000
77.972494331
78.345011338
78.717505669
79.090000000
79.480000000
79.910000000
80.250000000
80.608321995
80.966666667
81.325011338
81.683333333
82.041678005
82.400000000
82.800000000
83.200000000
83.600000000
84.000000000
84.430000000
84.790000000
85.160000000
85.530000000
85.900000000
86.270000000
86.620000000
87.030000000
87.450000000
87.811995465
88.173990930
88.536009070
88.898004535
89.260000000
89.650000000
90.060000000
90.450000000
90.870000000
91.320000000
91.710000000
92.150000000
92.610000000
93.000000000
93.390000000
93.770000000
94.158004535
94.546009070
94.933990930
95.321995465
95.710000000
96.050000000
96.416666667
96.783333333
97.150000000
97.550000000
97.950000000
98.323990930
98.698004535
99.071995465
99.446009070
99.820000000
100.170000000
100.500000000
100.884285714
101.268571429
101.652857143
102.037142857
102.421428571
102.805714286
103.190000000
103.590000000
103.970000000
104.350000000
104.770000000
105.210000000
105.580000000
105.945011338
106.310000000
106.690000000
107.120000000
107.540000000
107.915011338
108.290000000
108.650000000
108.980000000
109.410000000
109.790000000
110.190000000
110.585011338
110.980000000
111.330000000
111.780000000
112.140000000
112.570000000
113.000000000
113.410000000
113.800000000
114.190000000
114.660000000
115.020000000
115.370000000
115.800000000
116.220000000
116.640000000
117.040000000
117.370000000
117.760000000
118.090000000
118.450000000
118.840000000
119.230000000
119.600000000
120.020000000
120.480000000
120.840000000
121.290000000
121.670000000
122.090000000
122.530000000
122.970000000
123.335011338
123.700000000
124.090000000
124.480000000
124.950000000
125.330000000
125.680000000
126.060000000
126.440000000
126.820000000
127.150000000
127.590000000
127.975011338
128.360000000
128.755011338
129.150000000
129.480000000
129.950000000
130.420000000
130.750000000
131.200000000
131.530000000
131.970000000
132.370000000
132.800000000
133.230000000
133.620000000
134.060000000
134.460000000
134.870000000
135.290000000
135.710000000
136.120000000
136.540000000
136.960000000
137.370000000
137.790000000
138.210000000
138.640000000
139.040000000
139.450000000
139.805011338
140.160000000
140.590000000
140.990000000
141.400000000
141.830000000
142.250000000
142.670000000
143.060000000
143.480000000
143.930000000
144.340000000
144.710000000
145.160000000
145.560000000
146.000000000
146.430000000
146.840000000
147.200000000
147.670000000
148.090000000
148.480000000
148.860000000
149.250000000
149.610000000
149.950000000
150.330000000
150.710000000
151.050000000
151.390000000
151.760000000
152.130000000
152.500000000
152.940000000
153.350000000
153.690000000
154.120000000
154.490000000
154.860000000
155.270000000
155.650000000
156.040000000
156.470000000
156.830000000
157.280000000
157.660000000
158.020000000
158.380000000
158.740000000
159.190000000
159.630000000
160.050000000
160.520000000
160.940000000
161.320000000
161.700000000
162.150000000
162.520000000
162.890000000
163.300000000
163.670000000
164.040000000
164.500000000
164.878321995
165.256666667
165.635011338
166.013333333
166.391678005
166.770000000
167.100000000
167.470000000
167.830000000
168.240000000
168.650000000
169.035011338
169.420000000
169.820000000
170.220000000
170.620000000
171.001678005
171.383333333
171.764988662
172.146666667
172.528321995
172.910000000
173.288752834
173.667505669
174.046258503
174.425011338
174.803741497
175.182494331
175.561247166
175.940000000
176.360000000
176.730000000
177.121995465
177.513990930
177.906009070
178.298004535
178.690000000
179.066666667
179.443333333
179.820000000
180.200000000
180.650000000
181.021428571
181.392857143
181.764285714
182.135714286
182.507142857
182.878571429
183.250000000
183.690000000
184.120000000
184.560000000
184.940000000
185.320000000
185.700000000
186.076666667
186.453333333
186.830000000
187.270000000
187.710000000
188.140000000
188.590000000
188.970000000
189.350000000
189.730000000
190.110000000
190.490000000
190.870000000
191.250000000
191.630000000
192.080000000
192.500000000
192.920000000
193.310000000
193.700000000
194.081995465
194.463990930
194.846009070
195.228004535
195.610000000
196.040000000
196.490000000
196.875011338
197.260000000
197.645011338
198.030000000
198.415011338
198.800000000
199.185011338
199.570000000
199.953333333
200.336666667
200.720000000
201.091428571
201.462857143
201.834285714
202.205714286
202.577142857
202.948571429
203.320000000
203.770000000
204.210000000
204.620000000
204.995714286
205.371428571
205.747142857
206.122857143
206.498571429
206.874285714
207.250000000
207.690000000
208.100000000
208.540000000
208.900000000
209.278321995
209.656666667
210.035011338
210.413333333
210.791678005
211.170000000
211.590000000
212.030000000
212.403990930
212.778004535
213.151995465
213.526009070
213.900000000
214.278004535
214.656009070
215.033990930
215.411995465
215.790000000
216.170997732
216.551995465
216.932993197
217.313990930
217.695011338
218.076009070
218.457006803
218.838004535
219.219002268
219.600000000
220.000000000
220.400000000
220.779160998
221.158321995
221.537505669
221.916666667
222.295827664
222.675011338
223.054172336
223.433333333
223.812494331
224.191678005
224.570839002
224.950000000
225.330000000
225.710000000
226.090000000
226.470000000
226.850000000
227.230000000
227.614285714
227.998571429
228.382857143
228.767142857
229.151428571
229.535714286
229.920000000
230.290000000
230.670000000
231.020000000
231.420000000
231.810000000
232.200000000
232.590000000
232.960000000
233.315011338
233.670000000
234.030000000
234.385011338
234.740000000
235.100000000
235.510000000
235.900000000
236.290000000
236.680000000
237.070000000
237.410000000
237.780000000
238.160000000
238.540000000
238.920000000
239.300000000
239.680000000
240.060000000
240.440000000
240.830000000
241.200000000
241.575011338
241.950000000
242.325011338
242.700000000
243.100000000
243.480770975
243.861541950
244.242312925
244.623083900
245.003854875
245.384625850
245.765374150
246.146145125
246.526916100
246.907687075
247.288458050
247.669229025
248.050000000
248.430000000
248.810000000
249.190000000
249.570000000
249.950000000
250.330000000
250.710000000
251.090000000